79, 47, 68, 87, 84, 91, 21, 32, 34, 2, 95, 31, 20, 22, 98, 39, 92, 41, 62, 1
1, 47, 68, 87, 84, 91, 21, 32, 34, 2, 95, 31, 20, 22, 98, 39, 92, 41, 62, 79
1, 47, 68, 21, 84, 91, 87, 32, 34, 2, 95, 31, 20, 22, 98, 39, 92, 41, 62, 79
1, 47, 68, 21, 32, 91, 87, 84, 34, 2, 95, 31, 20, 22, 98, 39, 92, 41, 62, 79
1, 47, 68, 21, 32, 34, 87, 84, 91, 2, 95, 31, 20, 22, 98, 39, 92, 41, 62, 79
1, 47, 68, 21, 32, 34, 2, 84, 91, 87, 95, 31, 20, 22, 98, 39, 92, 41, 62, 79
1, 47, 68, 21, 32, 34, 2, 31, 91, 87, 95, 84, 20, 22, 98, 39, 92, 41, 62, 79
1, 47, 68, 21, 32, 34, 2, 31, 20, 87, 95, 84, 91, 22, 98, 39, 92, 41, 62, 79
1, 47, 68, 21, 32, 34, 2, 31, 20, 22, 95, 84, 91, 87, 98, 39, 92, 41, 62, 79
1, 47, 68, 21, 32, 34, 2, 31, 20, 22, 39, 84, 91, 87, 98, 95, 92, 41, 62, 79
1, 47, 68, 21, 32, 34, 2, 31, 20, 22, 39, 41, 91, 87, 98, 95, 92, 84, 62, 79
1, 47, 68, 21, 32, 34, 2, 31, 20, 22, 39, 41, 62, 87, 98, 95, 92, 84, 91, 79
1, 47, 68, 21, 32, 34, 2, 31, 20, 22, 39, 41, 62, 79, 98, 95, 92, 84, 91, 8