17, 71, 46, 68, 64, 82, 67, 83, 35, 52, 24, 55, 93, 70, 57, 63, 4, 14, 56, 81

17, 71, 46, 68, 64, 67, 82, 83, 35, 52, 24, 55, 93, 70, 57, 63, 4, 14, 56, 81
17, 71, 46, 68, 64, 67, 35, 83, 82, 52, 24, 55, 93, 70, 57, 63, 4, 14, 56, 81
17, 71, 46, 68, 64, 67, 35, 52, 82, 83, 24, 55, 93, 70, 57, 63, 4, 14, 56, 81
17, 71, 46, 68, 64, 67, 35, 52, 24, 83, 82, 55, 93, 70, 57, 63, 4, 14, 56, 81
17, 71, 46, 68, 64, 67, 35, 52, 24, 55, 82, 83, 93, 70, 57, 63, 4, 14, 56, 81
17, 71, 46, 68, 64, 67, 35, 52, 24, 55, 70, 83, 93, 82, 57, 63, 4, 14, 56, 81
17, 71, 46, 68, 64, 67, 35, 52, 24, 55, 70, 57, 93, 82, 83, 63, 4, 14, 56, 81
17, 71, 46, 68, 64, 67, 35, 52, 24, 55, 70, 57, 63, 82, 83, 93, 4, 14, 56, 81
17, 71, 46, 68, 64, 67, 35, 52, 24, 55, 70, 57, 63, 4, 83, 93, 82, 14, 56, 81
17, 71, 46, 68, 64, 67, 35, 52, 24, 55, 70, 57, 63, 4, 14, 93, 82, 83, 56, 81
17, 71, 46, 68, 64, 67, 35, 52, 24, 55, 70, 57, 63, 4, 14, 56, 82, 83, 93, 81
17, 71, 46, 68, 64, 67, 35, 52, 24, 55, 70, 57, 63, 4, 14, 56, 81, 83, 93, 82
17, 46, 71, 68, 64, 67, 35, 52, 24, 55, 70, 57, 63, 4, 14, 56, 81, 83, 93, 82
17, 46, 35, 68, 64, 67, 71, 52, 24, 55, 70, 57, 63, 4, 14, 56, 81, 83, 93, 82
17, 46, 35, 52, 64, 67, 71, 68, 24, 55, 70, 57, 63, 4, 14, 56, 81, 83, 93, 82
17, 46, 35, 52, 24, 67, 71, 68, 64, 55, 70, 57, 63, 4, 14, 56, 81, 83, 93, 82
17, 46, 35, 52, 24, 55, 71, 68, 64, 67, 70, 57, 63, 4, 14, 56, 81, 83, 93, 82
17, 46, 35, 52, 24, 55, 4, 68, 64, 67, 70, 57, 63, 71, 14, 56, 81, 83, 93, 82
17, 46, 35, 52, 24, 55, 4, 14, 64, 67, 70, 57, 63, 71, 68, 56, 81, 83, 93, 82
17, 46, 35, 52, 24, 55, 4, 14, 56, 67, 70, 57, 63, 71, 68, 64, 81, 83, 93, 82
4, 46, 35, 52, 24, 55, 17, 14, 56, 67, 70, 57, 63, 71, 68, 64, 81, 83, 93, 82
4, 14, 35, 52, 24, 55, 17, 46, 56, 67, 70, 57, 63, 71, 68, 64, 81, 83, 93, 82
4, 14, 35, 24, 52, 55, 17, 46, 56, 67, 70, 57, 63, 71, 68, 64, 81, 83, 93, 82
4, 14, 35, 24, 17, 55, 52, 46, 56, 67, 70, 57, 63, 71, 68, 64, 81, 83, 93, 82
4, 14, 35, 24, 17, 46, 52, 55, 56, 67, 70, 57, 63, 71, 68, 64, 81, 83, 93, 82
4, 14, 17, 24, 35, 46, 52, 55, 56, 67, 70, 57, 63, 71, 68, 64, 81, 83, 93, 82
4, 14, 17, 24, 35, 46, 52, 55, 56, 57, 70, 67, 63, 71, 68, 64, 81, 83, 93, 82
4, 14, 17, 24, 35, 46, 52, 55, 56, 57, 63, 67, 70, 71, 68, 64, 81, 83, 93, 82
4, 14, 17, 24, 35, 46, 52, 55, 56, 57, 63, 64, 70, 71, 68, 67, 81, 83, 93, 82
4, 14, 17, 24, 35, 46, 52, 55, 56, 57, 63, 64, 67, 71, 68, 70, 81, 83, 93, 82
4, 14, 17, 24, 35, 46, 52, 55, 56, 57, 63, 64, 67, 68, 71, 70, 81, 83, 93, 82
4, 14, 17, 24, 35, 46, 52, 55, 56, 57, 63, 64, 67, 68, 70, 71, 81, 83, 93, 82
4, 14, 17, 24, 35, 46, 52, 55, 56, 57, 63, 64, 67, 68, 70, 71, 81, 82, 93, 83
4, 14, 17, 24, 35, 46, 52, 55, 56, 57, 63, 64, 67, 68, 70, 71, 81, 82, 83, 93

4, 14, 17, 24, 35, 46, 52, 55, 56, 57, 63, 64, 67, 68, 70, 71, 81, 82, 83, 93